{"e":0.12198590124835841,
"t":0.08818512536416744,
"a":0.08287771521729285,
"o":0.07882017298896554,
"i":0.07081981070840944,
"h":0.06618261959032107,
"n":0.0647395353751868,
"s":0.06201337419052938,
"r":0.05884040032001449,
"d":0.045873775416245266,
"l":0.042244931845970383,
"u":0.029688891572448563,
"m":0.02652497471583619,
"w":0.024287892281914653,
"y":0.023859193623862213,
"f":0.02119945054115658,
"c":0.02085226500822679,
"g":0.02015185593309886,
"p":0.014787084698175012,
"b":0.014723685600857397,
"v":0.009754403973010098,
"k":0.008003381285190273,
"x":0.0013615710900116232,
"q":0.0009781575014717648,
"j":0.0009147584041541504,
"z":0.0003290715051247604}